 -1.683590389695880E-003 -1.683590390077939E-003 -1.162528674105958E-002
 -1.683590571021952E-003 -3.367184763038874E-004 -1.162528724149178E-002
 -3.367184284691576E-004 -3.367184285128051E-004 -1.162528789487702E-002
 -3.367184761370829E-004 -1.683590570928167E-003 -1.162528724133951E-002
 -1.683590038958478E-003 -1.010154200015663E-003 -1.162529585701661E-002
 -1.010154216849480E-003 -3.367190293565184E-004 -1.162529719012819E-002
 -3.367190293402191E-004 -1.010154216657341E-003 -1.162529718992137E-002
 -1.010154200057336E-003 -1.683590038984159E-003 -1.162529585683887E-002
 -1.010154253527433E-003 -1.010154253542483E-003 -1.162530083223722E-002
 -1.340302084539462E-009 -3.367195023709605E-004  1.111115044986534E-003
 -1.344235947474965E-009 -3.367194970879766E-004  5.555558571714319E-003
 -1.157678852326964E-009 -1.683588612330921E-003  5.555558439719747E-003
 -1.134673437970848E-009 -1.683588653539498E-003  1.111115223139185E-003
  6.449559118778663E-009 -3.367210365936553E-004  3.333336816547578E-003
 -2.931301811024417E-009 -1.010154041990366E-003  5.555556628786009E-003
  4.587524680373669E-009 -1.683585861261200E-003  3.333336831642854E-003
 -2.871101366903730E-009 -1.010154072690051E-003  1.111116998897287E-003
  2.729760091311418E-009 -1.010153772773144E-003  3.333336824383703E-003
 -1.683588653837562E-003 -1.134737171285293E-009  1.111115223440313E-003
 -1.683588611415924E-003 -1.156944039120563E-009  5.555558439978704E-003
 -3.367194971344206E-004 -1.343501348567997E-009  5.555558571775429E-003
 -3.367195026508368E-004 -1.340052231404101E-009  1.111115044721103E-003
 -1.683585861110360E-003  4.587280167557030E-009  3.333336831626858E-003
 -1.010154041913250E-003 -2.930850784965337E-009  5.555556628810145E-003
 -3.367210365804049E-004  6.449764731066757E-009  3.333336816550415E-003
 -1.010154072761777E-003 -2.871067127723101E-009  1.111116998898157E-003
 -1.010153772691792E-003  2.729879228832187E-009  3.333336824401116E-003
 -3.367194028199568E-004 -2.020308388443423E-003  1.111114498905848E-003
 -3.367194006841749E-004 -2.020308352362418E-003  5.555559176351085E-003
 -1.683588717462041E-003 -2.020308347259685E-003  5.555558987731549E-003
 -1.683588753531160E-003 -2.020308374840418E-003  1.111114735779123E-003
 -3.367207826487290E-004 -2.020306781410042E-003  3.333336828717258E-003
 -1.010154056125221E-003 -2.020308675020367E-003  5.555557154371379E-003
 -1.683586322016486E-003 -2.020307080266257E-003  3.333336845886152E-003
 -1.010154082309009E-003 -2.020308711306198E-003  1.111116523806397E-003
 -1.010153808563014E-003 -2.020307510432606E-003  3.333336835174438E-003
 -2.020308374779845E-003 -1.683588753881547E-003  1.111114736254037E-003
 -2.020308347304989E-003 -1.683588717693841E-003  5.555558987402946E-003
 -2.020308351847167E-003 -3.367194014518891E-004  5.555559176865937E-003
 -2.020308388443960E-003 -3.367194030943506E-004  1.111114498501101E-003
 -2.020307080351861E-003 -1.683586321865085E-003  3.333336845878253E-003
 -2.020308674865519E-003 -1.010154056009997E-003  5.555557154345599E-003
 -2.020306781260346E-003 -3.367207826149041E-004  3.333336828636708E-003
 -2.020308711288151E-003 -1.010154082385994E-003  1.111116523800378E-003
 -2.020307510371782E-003 -1.010153808508249E-003  3.333336835141451E-003
 -1.167230262619559E-010  1.727023908470649E-010  1.162528733658808E-002
 -1.114993735222318E-010 -1.119741597679556E-010  1.162528764509061E-002
  1.727591790544518E-010 -1.169358508103611E-010  1.162528733642848E-002
  1.562361562673799E-010  1.558322449615066E-010  1.162528711737484E-002
 -1.240710823644454E-012  2.039877762573183E-010  1.162529692662016E-002
  2.036298774106276E-010 -1.270765407911482E-012  1.162529692682063E-002
  1.837482107772855E-010  1.758474360971086E-010  1.162529590571259E-002
  1.753431361930642E-010  1.837517238196205E-010  1.162529590532827E-002
  1.860075396323685E-010  1.859550136055267E-010  1.162530061612055E-002
 -1.434681866561559E-009 -3.367194896979852E-004  7.777788620337317E-003
 -1.835983623982168E-009 -3.367197464246892E-004  1.222223342321012E-002
 -1.687520914102879E-009 -1.683588838614270E-003  1.222223355810485E-002
 -1.388948052731164E-009 -1.683588512155234E-003  7.777788943720098E-003
  7.669886256078991E-009 -3.367211533769101E-004  1.000001056523573E-002
 -1.297184732510634E-009 -1.010154194325203E-003  1.222222985388212E-002
  5.314524663642051E-009 -1.683585535795729E-003  1.000001078680512E-002
 -2.992169585811788E-009 -1.010153984930984E-003  7.777790567531418E-003
  3.500374893634434E-009 -1.010153700652434E-003  1.000001023171432E-002
 -1.683588511336039E-003 -1.388341058819054E-009  7.777788943723597E-003
 -1.683588837702358E-003 -1.687205409097593E-009  1.222223355841366E-002
 -3.367197464814991E-004 -1.835246438370437E-009  1.222223342320776E-002
 -3.367194898313163E-004 -1.434438193047539E-009  7.777788620114029E-003
 -1.683585535519493E-003  5.314048886450640E-009  1.000001078684212E-002
 -1.010154194225960E-003 -1.296767437721865E-009  1.222222985386671E-002
 -3.367211533501491E-004  7.670214664195207E-009  1.000001056524200E-002
 -1.010153984840568E-003 -2.991834402993052E-009  7.777790567527500E-003
 -1.010153700494953E-003  3.500523624334830E-009  1.000001023171885E-002
 -3.367193961016279E-004 -2.020308260133569E-003  7.777788144852440E-003
 -3.367197743436523E-004 -2.020308716402189E-003  1.222223462427586E-002
 -1.683588827399968E-003 -2.020308716607307E-003  1.222223464688109E-002
 -1.683588643513591E-003 -2.020308290557409E-003  7.777788529321597E-003
 -3.367208985012755E-004 -2.020306525810236E-003  1.000001090944582E-002
 -1.010154212694434E-003 -2.020308647603404E-003  1.222223089930643E-002
 -1.683586066664865E-003 -2.020306915320933E-003  1.000001111197781E-002
 -1.010154007251407E-003 -2.020308598942669E-003  7.777790183148655E-003
 -1.010153753108967E-003 -2.020307302426149E-003  1.000001053905468E-002
 -2.020308290714117E-003 -1.683588643642520E-003  7.777788529816391E-003
 -2.020308716756583E-003 -1.683588827445166E-003  1.222223464646669E-002
 -2.020308715882631E-003 -3.367197750784665E-004  1.222223462482007E-002
 -2.020308259641280E-003 -3.367193968900751E-004  7.777788144280372E-003
 -2.020306915553782E-003 -1.683586066270894E-003  1.000001111196082E-002
 -2.020308647442079E-003 -1.010154212475486E-003  1.222223089919731E-002
 -2.020306525535850E-003 -3.367208984007123E-004  1.000001090949499E-002
 -2.020308598810844E-003 -1.010154007061702E-003  7.777790183189437E-003
 -2.020307302344250E-003 -1.010153752880099E-003  1.000001053904493E-002
 -3.367178698118426E-004 -1.683591725860108E-003  1.333334834097769E-002
 -3.367178601784726E-004 -3.367178603231451E-004  1.333334790269794E-002
 -1.683591725456713E-003 -3.367178698628163E-004  1.333334834100372E-002
 -1.683591559270900E-003 -1.683591559462468E-003  1.333334873691635E-002
 -3.367187270588013E-004 -1.010154428774630E-003  1.333334610340344E-002
 -1.010154428745887E-003 -3.367187271293687E-004  1.333334610335616E-002
 -1.683590537210486E-003 -1.010154409437879E-003  1.333334657310472E-002
 -1.010154409583700E-003 -1.683590537432688E-003  1.333334657319318E-002
 -1.010154392281076E-003 -1.010154392428466E-003  1.333334529501284E-002
 -3.367184846461567E-004 -1.683590513168940E-003  6.666673671996525E-003
 -3.367184351113685E-004 -3.367184351315203E-004  6.666673599671153E-003
 -1.683590512797860E-003 -3.367184847480591E-004  6.666673672083544E-003
 -1.683590343874473E-003 -1.683590344004758E-003  6.666673740487554E-003
 -3.367190217939734E-004 -1.010154161835483E-003  6.666673607328467E-003
 -1.010154161755138E-003 -3.367190218556001E-004  6.666673607350647E-003
 -1.683589974331646E-003 -1.010154153956738E-003  6.666673677491069E-003
 -1.010154153995776E-003 -1.683589974509888E-003  6.666673677469516E-003
 -1.010154199327079E-003 -1.010154199462041E-003  6.666673626561394E-003
