 -1.683590389695881E-003 -1.683590390077938E-003 -1.162528674105959E-002
 -1.683590571021950E-003 -3.367184763038871E-004 -1.162528724149177E-002
 -3.367184284691574E-004 -3.367184285128047E-004 -1.162528789487701E-002
 -3.367184761370836E-004 -1.683590570928167E-003 -1.162528724133952E-002
 -1.683590038958478E-003 -1.010154200015662E-003 -1.162529585701661E-002
 -1.010154216849480E-003 -3.367190293565177E-004 -1.162529719012820E-002
 -3.367190293402194E-004 -1.010154216657340E-003 -1.162529718992138E-002
 -1.010154200057338E-003 -1.683590038984158E-003 -1.162529585683887E-002
 -1.010154253527432E-003 -1.010154253542482E-003 -1.162530083223721E-002
 -1.340302083939232E-009 -3.367195023709596E-004  1.111115044986533E-003
 -1.344235945674854E-009 -3.367194970879765E-004  5.555558571714320E-003
 -1.157678852788586E-009 -1.683588612330921E-003  5.555558439719754E-003
 -1.134673441343103E-009 -1.683588653539497E-003  1.111115223139187E-003
  6.449559118611514E-009 -3.367210365936550E-004  3.333336816547578E-003
 -2.931301806661073E-009 -1.010154041990365E-003  5.555556628786011E-003
  4.587524682338686E-009 -1.683585861261200E-003  3.333336831642856E-003
 -2.871101369541580E-009 -1.010154072690050E-003  1.111116998897288E-003
  2.729760091015736E-009 -1.010153772773143E-003  3.333336824383702E-003
 -1.683588653837563E-003 -1.134737173889526E-009  1.111115223440313E-003
 -1.683588611415921E-003 -1.156944042441948E-009  5.555558439978700E-003
 -3.367194971344204E-004 -1.343501341380942E-009  5.555558571775427E-003
 -3.367195026508368E-004 -1.340052234040674E-009  1.111115044721102E-003
 -1.683585861110359E-003  4.587280162876415E-009  3.333336831626858E-003
 -1.010154041913249E-003 -2.930850784057119E-009  5.555556628810142E-003
 -3.367210365804046E-004  6.449764731347565E-009  3.333336816550414E-003
 -1.010154072761777E-003 -2.871067130062896E-009  1.111116998898157E-003
 -1.010153772691791E-003  2.729879226199282E-009  3.333336824401116E-003
 -3.367194028199567E-004 -2.020308388443422E-003  1.111114498905848E-003
 -3.367194006841752E-004 -2.020308352362419E-003  5.555559176351092E-003
 -1.683588717462040E-003 -2.020308347259686E-003  5.555558987731550E-003
 -1.683588753531163E-003 -2.020308374840417E-003  1.111114735779125E-003
 -3.367207826487290E-004 -2.020306781410042E-003  3.333336828717261E-003
 -1.010154056125221E-003 -2.020308675020368E-003  5.555557154371381E-003
 -1.683586322016486E-003 -2.020307080266258E-003  3.333336845886154E-003
 -1.010154082309010E-003 -2.020308711306197E-003  1.111116523806399E-003
 -1.010153808563015E-003 -2.020307510432607E-003  3.333336835174439E-003
 -2.020308374779848E-003 -1.683588753881545E-003  1.111114736254037E-003
 -2.020308347304988E-003 -1.683588717693843E-003  5.555558987402950E-003
 -2.020308351847166E-003 -3.367194014518887E-004  5.555559176865938E-003
 -2.020308388443962E-003 -3.367194030943505E-004  1.111114498501100E-003
 -2.020307080351861E-003 -1.683586321865085E-003  3.333336845878253E-003
 -2.020308674865519E-003 -1.010154056009997E-003  5.555557154345601E-003
 -2.020306781260345E-003 -3.367207826149036E-004  3.333336828636705E-003
 -2.020308711288153E-003 -1.010154082385993E-003  1.111116523800379E-003
 -2.020307510371782E-003 -1.010153808508249E-003  3.333336835141450E-003
 -1.167230335174723E-010  1.727023974851494E-010  1.162528733658810E-002
 -1.114993706216600E-010 -1.119741629321393E-010  1.162528764509059E-002
  1.727591822726013E-010 -1.169358476893396E-010  1.162528733642848E-002
  1.562361600987600E-010  1.558322413136315E-010  1.162528711737486E-002
 -1.240714301725024E-012  2.039877804918162E-010  1.162529692662016E-002
  2.036298805558631E-010 -1.270761692673583E-012  1.162529692682062E-002
  1.837482120302430E-010  1.758474386336807E-010  1.162529590571260E-002
  1.753431356490562E-010  1.837517166533852E-010  1.162529590532827E-002
  1.860075407669859E-010  1.859550160223947E-010  1.162530061612055E-002
 -1.434681872017851E-009 -3.367194896979856E-004  7.777788620337315E-003
 -1.835983621152144E-009 -3.367197464246897E-004  1.222223342321012E-002
 -1.687520916275051E-009 -1.683588838614272E-003  1.222223355810485E-002
 -1.388948054971001E-009 -1.683588512155235E-003  7.777788943720102E-003
  7.669886255804217E-009 -3.367211533769103E-004  1.000001056523573E-002
 -1.297184731030178E-009 -1.010154194325204E-003  1.222222985388212E-002
  5.314524663540901E-009 -1.683585535795729E-003  1.000001078680512E-002
 -2.992169587626643E-009 -1.010153984930985E-003  7.777790567531418E-003
  3.500374892608826E-009 -1.010153700652434E-003  1.000001023171432E-002
 -1.683588511336037E-003 -1.388341055594475E-009  7.777788943723598E-003
 -1.683588837702358E-003 -1.687205405508439E-009  1.222223355841366E-002
 -3.367197464814993E-004 -1.835246433263588E-009  1.222223342320776E-002
 -3.367194898313156E-004 -1.434438195258257E-009  7.777788620114027E-003
 -1.683585535519495E-003  5.314048888285963E-009  1.000001078684212E-002
 -1.010154194225960E-003 -1.296767436128887E-009  1.222222985386671E-002
 -3.367211533501491E-004  7.670214666305677E-009  1.000001056524200E-002
 -1.010153984840568E-003 -2.991834403425550E-009  7.777790567527496E-003
 -1.010153700494953E-003  3.500523627646031E-009  1.000001023171885E-002
 -3.367193961016267E-004 -2.020308260133569E-003  7.777788144852444E-003
 -3.367197743436523E-004 -2.020308716402190E-003  1.222223462427586E-002
 -1.683588827399968E-003 -2.020308716607308E-003  1.222223464688109E-002
 -1.683588643513591E-003 -2.020308290557410E-003  7.777788529321597E-003
 -3.367208985012752E-004 -2.020306525810237E-003  1.000001090944582E-002
 -1.010154212694435E-003 -2.020308647603405E-003  1.222223089930643E-002
 -1.683586066664865E-003 -2.020306915320933E-003  1.000001111197782E-002
 -1.010154007251407E-003 -2.020308598942671E-003  7.777790183148656E-003
 -1.010153753108967E-003 -2.020307302426149E-003  1.000001053905468E-002
 -2.020308290714118E-003 -1.683588643642522E-003  7.777788529816391E-003
 -2.020308716756583E-003 -1.683588827445167E-003  1.222223464646669E-002
 -2.020308715882631E-003 -3.367197750784667E-004  1.222223462482007E-002
 -2.020308259641280E-003 -3.367193968900754E-004  7.777788144280372E-003
 -2.020306915553782E-003 -1.683586066270894E-003  1.000001111196082E-002
 -2.020308647442079E-003 -1.010154212475486E-003  1.222223089919731E-002
 -2.020306525535850E-003 -3.367208984007126E-004  1.000001090949499E-002
 -2.020308598810844E-003 -1.010154007061702E-003  7.777790183189438E-003
 -2.020307302344250E-003 -1.010153752880099E-003  1.000001053904493E-002
 -3.367178698118435E-004 -1.683591725860111E-003  1.333334834097769E-002
 -3.367178601784734E-004 -3.367178603231456E-004  1.333334790269794E-002
 -1.683591725456714E-003 -3.367178698628163E-004  1.333334834100372E-002
 -1.683591559270899E-003 -1.683591559462468E-003  1.333334873691635E-002
 -3.367187270588010E-004 -1.010154428774632E-003  1.333334610340344E-002
 -1.010154428745887E-003 -3.367187271293693E-004  1.333334610335616E-002
 -1.683590537210487E-003 -1.010154409437879E-003  1.333334657310472E-002
 -1.010154409583700E-003 -1.683590537432689E-003  1.333334657319318E-002
 -1.010154392281075E-003 -1.010154392428467E-003  1.333334529501284E-002
 -3.367184846461564E-004 -1.683590513168940E-003  6.666673671996531E-003
 -3.367184351113687E-004 -3.367184351315210E-004  6.666673599671149E-003
 -1.683590512797859E-003 -3.367184847480596E-004  6.666673672083544E-003
 -1.683590343874473E-003 -1.683590344004759E-003  6.666673740487556E-003
 -3.367190217939744E-004 -1.010154161835483E-003  6.666673607328466E-003
 -1.010154161755137E-003 -3.367190218556001E-004  6.666673607350643E-003
 -1.683589974331646E-003 -1.010154153956738E-003  6.666673677491071E-003
 -1.010154153995775E-003 -1.683589974509891E-003  6.666673677469517E-003
 -1.010154199327079E-003 -1.010154199462042E-003  6.666673626561393E-003
