 -1.683590389695881E-003 -1.683590390077939E-003 -1.162528674105958E-002
 -1.683590571021951E-003 -3.367184763038868E-004 -1.162528724149178E-002
 -3.367184284691570E-004 -3.367184285128045E-004 -1.162528789487701E-002
 -3.367184761370835E-004 -1.683590570928167E-003 -1.162528724133952E-002
 -1.683590038958478E-003 -1.010154200015663E-003 -1.162529585701661E-002
 -1.010154216849480E-003 -3.367190293565183E-004 -1.162529719012819E-002
 -3.367190293402195E-004 -1.010154216657340E-003 -1.162529718992137E-002
 -1.010154200057336E-003 -1.683590038984158E-003 -1.162529585683887E-002
 -1.010154253527433E-003 -1.010154253542482E-003 -1.162530083223721E-002
 -1.340302081190537E-009 -3.367195023709601E-004  1.111115044986533E-003
 -1.344235947151912E-009 -3.367194970879768E-004  5.555558571714321E-003
 -1.157678847921975E-009 -1.683588612330921E-003  5.555558439719751E-003
 -1.134673438368428E-009 -1.683588653539497E-003  1.111115223139187E-003
  6.449559119109572E-009 -3.367210365936552E-004  3.333336816547579E-003
 -2.931301806233329E-009 -1.010154041990366E-003  5.555556628786012E-003
  4.587524681568031E-009 -1.683585861261199E-003  3.333336831642854E-003
 -2.871101368457941E-009 -1.010154072690050E-003  1.111116998897288E-003
  2.729760094213810E-009 -1.010153772773144E-003  3.333336824383702E-003
 -1.683588653837562E-003 -1.134737172314212E-009  1.111115223440313E-003
 -1.683588611415923E-003 -1.156944041281684E-009  5.555558439978701E-003
 -3.367194971344204E-004 -1.343501346688845E-009  5.555558571775429E-003
 -3.367195026508369E-004 -1.340052231853574E-009  1.111115044721102E-003
 -1.683585861110359E-003  4.587280165702830E-009  3.333336831626858E-003
 -1.010154041913250E-003 -2.930850783359462E-009  5.555556628810143E-003
 -3.367210365804049E-004  6.449764730092872E-009  3.333336816550415E-003
 -1.010154072761777E-003 -2.871067130185281E-009  1.111116998898158E-003
 -1.010153772691792E-003  2.729879226794389E-009  3.333336824401116E-003
 -3.367194028199573E-004 -2.020308388443422E-003  1.111114498905848E-003
 -3.367194006841750E-004 -2.020308352362418E-003  5.555559176351087E-003
 -1.683588717462041E-003 -2.020308347259685E-003  5.555558987731550E-003
 -1.683588753531160E-003 -2.020308374840418E-003  1.111114735779123E-003
 -3.367207826487292E-004 -2.020306781410042E-003  3.333336828717260E-003
 -1.010154056125221E-003 -2.020308675020367E-003  5.555557154371380E-003
 -1.683586322016487E-003 -2.020307080266257E-003  3.333336845886152E-003
 -1.010154082309010E-003 -2.020308711306197E-003  1.111116523806398E-003
 -1.010153808563016E-003 -2.020307510432606E-003  3.333336835174438E-003
 -2.020308374779846E-003 -1.683588753881546E-003  1.111114736254038E-003
 -2.020308347304988E-003 -1.683588717693841E-003  5.555558987402948E-003
 -2.020308351847167E-003 -3.367194014518891E-004  5.555559176865938E-003
 -2.020308388443960E-003 -3.367194030943507E-004  1.111114498501099E-003
 -2.020307080351860E-003 -1.683586321865085E-003  3.333336845878253E-003
 -2.020308674865519E-003 -1.010154056009997E-003  5.555557154345599E-003
 -2.020306781260345E-003 -3.367207826149042E-004  3.333336828636706E-003
 -2.020308711288151E-003 -1.010154082385994E-003  1.111116523800379E-003
 -2.020307510371781E-003 -1.010153808508249E-003  3.333336835141450E-003
 -1.167230308691981E-010  1.727023953038488E-010  1.162528733658809E-002
 -1.114993746051695E-010 -1.119741635749509E-010  1.162528764509061E-002
  1.727591784378924E-010 -1.169358506518117E-010  1.162528733642848E-002
  1.562361618484851E-010  1.558322468394295E-010  1.162528711737485E-002
 -1.240713810143131E-012  2.039877770421766E-010  1.162529692662016E-002
  2.036298795998885E-010 -1.270762935815166E-012  1.162529692682062E-002
  1.837482058625405E-010  1.758474358044355E-010  1.162529590571259E-002
  1.753431340666436E-010  1.837517226287471E-010  1.162529590532827E-002
  1.860075426697610E-010  1.859550153230845E-010  1.162530061612054E-002
 -1.434681871042069E-009 -3.367194896979856E-004  7.777788620337317E-003
 -1.835983626369867E-009 -3.367197464246894E-004  1.222223342321012E-002
 -1.687520915163744E-009 -1.683588838614270E-003  1.222223355810485E-002
 -1.388948054249329E-009 -1.683588512155235E-003  7.777788943720100E-003
  7.669886254720014E-009 -3.367211533769099E-004  1.000001056523572E-002
 -1.297184732331221E-009 -1.010154194325203E-003  1.222222985388212E-002
  5.314524661508022E-009 -1.683585535795728E-003  1.000001078680511E-002
 -2.992169585458239E-009 -1.010153984930984E-003  7.777790567531419E-003
  3.500374893042507E-009 -1.010153700652433E-003  1.000001023171431E-002
 -1.683588511336038E-003 -1.388341059243493E-009  7.777788943723597E-003
 -1.683588837702358E-003 -1.687205407443063E-009  1.222223355841366E-002
 -3.367197464814992E-004 -1.835246438820124E-009  1.222223342320776E-002
 -3.367194898313158E-004 -1.434438195990094E-009  7.777788620114030E-003
 -1.683585535519494E-003  5.314048885738088E-009  1.000001078684211E-002
 -1.010154194225960E-003 -1.296767437646770E-009  1.222222985386671E-002
 -3.367211533501490E-004  7.670214663649382E-009  1.000001056524200E-002
 -1.010153984840568E-003 -2.991834404726592E-009  7.777790567527497E-003
 -1.010153700494953E-003  3.500523623959744E-009  1.000001023171885E-002
 -3.367193961016275E-004 -2.020308260133569E-003  7.777788144852441E-003
 -3.367197743436521E-004 -2.020308716402189E-003  1.222223462427586E-002
 -1.683588827399968E-003 -2.020308716607307E-003  1.222223464688109E-002
 -1.683588643513590E-003 -2.020308290557410E-003  7.777788529321596E-003
 -3.367208985012753E-004 -2.020306525810237E-003  1.000001090944582E-002
 -1.010154212694434E-003 -2.020308647603404E-003  1.222223089930643E-002
 -1.683586066664865E-003 -2.020306915320933E-003  1.000001111197781E-002
 -1.010154007251407E-003 -2.020308598942670E-003  7.777790183148655E-003
 -1.010153753108967E-003 -2.020307302426149E-003  1.000001053905468E-002
 -2.020308290714118E-003 -1.683588643642521E-003  7.777788529816390E-003
 -2.020308716756582E-003 -1.683588827445167E-003  1.222223464646669E-002
 -2.020308715882631E-003 -3.367197750784663E-004  1.222223462482006E-002
 -2.020308259641280E-003 -3.367193968900748E-004  7.777788144280373E-003
 -2.020306915553782E-003 -1.683586066270895E-003  1.000001111196082E-002
 -2.020308647442079E-003 -1.010154212475485E-003  1.222223089919730E-002
 -2.020306525535850E-003 -3.367208984007122E-004  1.000001090949499E-002
 -2.020308598810844E-003 -1.010154007061702E-003  7.777790183189434E-003
 -2.020307302344251E-003 -1.010153752880099E-003  1.000001053904493E-002
 -3.367178698118436E-004 -1.683591725860107E-003  1.333334834097769E-002
 -3.367178601784728E-004 -3.367178603231453E-004  1.333334790269794E-002
 -1.683591725456713E-003 -3.367178698628157E-004  1.333334834100372E-002
 -1.683591559270898E-003 -1.683591559462467E-003  1.333334873691635E-002
 -3.367187270588008E-004 -1.010154428774630E-003  1.333334610340344E-002
 -1.010154428745886E-003 -3.367187271293691E-004  1.333334610335616E-002
 -1.683590537210486E-003 -1.010154409437878E-003  1.333334657310472E-002
 -1.010154409583700E-003 -1.683590537432688E-003  1.333334657319318E-002
 -1.010154392281075E-003 -1.010154392428467E-003  1.333334529501284E-002
 -3.367184846461563E-004 -1.683590513168939E-003  6.666673671996527E-003
 -3.367184351113687E-004 -3.367184351315208E-004  6.666673599671152E-003
 -1.683590512797860E-003 -3.367184847480596E-004  6.666673672083543E-003
 -1.683590343874473E-003 -1.683590344004757E-003  6.666673740487554E-003
 -3.367190217939743E-004 -1.010154161835483E-003  6.666673607328466E-003
 -1.010154161755137E-003 -3.367190218556000E-004  6.666673607350643E-003
 -1.683589974331647E-003 -1.010154153956738E-003  6.666673677491067E-003
 -1.010154153995776E-003 -1.683589974509888E-003  6.666673677469514E-003
 -1.010154199327079E-003 -1.010154199462041E-003  6.666673626561391E-003
