 -1.683590389695882E-003 -1.683590390077941E-003 -1.162528674105958E-002
 -1.683590571021952E-003 -3.367184763038869E-004 -1.162528724149179E-002
 -3.367184284691580E-004 -3.367184285128035E-004 -1.162528789487703E-002
 -3.367184761370836E-004 -1.683590570928166E-003 -1.162528724133953E-002
 -1.683590038958479E-003 -1.010154200015663E-003 -1.162529585701663E-002
 -1.010154216849481E-003 -3.367190293565173E-004 -1.162529719012821E-002
 -3.367190293402190E-004 -1.010154216657339E-003 -1.162529718992139E-002
 -1.010154200057337E-003 -1.683590038984158E-003 -1.162529585683888E-002
 -1.010154253527433E-003 -1.010154253542482E-003 -1.162530083223722E-002
 -1.340302086113784E-009 -3.367195023709593E-004  1.111115044986536E-003
 -1.344235942934806E-009 -3.367194970879764E-004  5.555558571714323E-003
 -1.157678859134599E-009 -1.683588612330921E-003  5.555558439719751E-003
 -1.134673442335608E-009 -1.683588653539496E-003  1.111115223139187E-003
  6.449559117654091E-009 -3.367210365936540E-004  3.333336816547578E-003
 -2.931301810874323E-009 -1.010154041990365E-003  5.555556628786013E-003
  4.587524674915834E-009 -1.683585861261200E-003  3.333336831642859E-003
 -2.871101371134787E-009 -1.010154072690049E-003  1.111116998897290E-003
  2.729760088293392E-009 -1.010153772773143E-003  3.333336824383706E-003
 -1.683588653837565E-003 -1.134737172687984E-009  1.111115223440314E-003
 -1.683588611415925E-003 -1.156944052930001E-009  5.555558439978704E-003
 -3.367194971344211E-004 -1.343501351744439E-009  5.555558571775427E-003
 -3.367195026508372E-004 -1.340052234474298E-009  1.111115044721103E-003
 -1.683585861110358E-003  4.587280159692336E-009  3.333336831626861E-003
 -1.010154041913250E-003 -2.930850786673697E-009  5.555556628810141E-003
 -3.367210365804049E-004  6.449764726147104E-009  3.333336816550414E-003
 -1.010154072761777E-003 -2.871067127639161E-009  1.111116998898157E-003
 -1.010153772691792E-003  2.729879220224817E-009  3.333336824401119E-003
 -3.367194028199563E-004 -2.020308388443423E-003  1.111114498905850E-003
 -3.367194006841758E-004 -2.020308352362420E-003  5.555559176351092E-003
 -1.683588717462044E-003 -2.020308347259681E-003  5.555558987731564E-003
 -1.683588753531164E-003 -2.020308374840421E-003  1.111114735779126E-003
 -3.367207826487286E-004 -2.020306781410042E-003  3.333336828717264E-003
 -1.010154056125223E-003 -2.020308675020369E-003  5.555557154371392E-003
 -1.683586322016486E-003 -2.020307080266260E-003  3.333336845886157E-003
 -1.010154082309010E-003 -2.020308711306198E-003  1.111116523806400E-003
 -1.010153808563014E-003 -2.020307510432609E-003  3.333336835174444E-003
 -2.020308374779847E-003 -1.683588753881550E-003  1.111114736254036E-003
 -2.020308347304994E-003 -1.683588717693835E-003  5.555558987402961E-003
 -2.020308351847168E-003 -3.367194014518901E-004  5.555559176865944E-003
 -2.020308388443963E-003 -3.367194030943489E-004  1.111114498501101E-003
 -2.020307080351862E-003 -1.683586321865087E-003  3.333336845878256E-003
 -2.020308674865520E-003 -1.010154056009996E-003  5.555557154345607E-003
 -2.020306781260345E-003 -3.367207826149038E-004  3.333336828636710E-003
 -2.020308711288156E-003 -1.010154082385994E-003  1.111116523800381E-003
 -2.020307510371785E-003 -1.010153808508249E-003  3.333336835141450E-003
 -1.167230147171988E-010  1.727023993920111E-010  1.162528733658809E-002
 -1.114993635140398E-010 -1.119741593893987E-010  1.162528764509059E-002
  1.727591826376513E-010 -1.169358526838509E-010  1.162528733642850E-002
  1.562361574173417E-010  1.558322567241365E-010  1.162528711737488E-002
 -1.240715863382036E-012  2.039877874905269E-010  1.162529692662020E-002
  2.036298770661388E-010 -1.270754335092050E-012  1.162529692682061E-002
  1.837482128258516E-010  1.758474359506677E-010  1.162529590571258E-002
  1.753431357900091E-010  1.837517291103374E-010  1.162529590532826E-002
  1.860075414007734E-010  1.859550191780912E-010  1.162530061612060E-002
 -1.434681866173794E-009 -3.367194896979862E-004  7.777788620337320E-003
 -1.835983630101359E-009 -3.367197464246891E-004  1.222223342321013E-002
 -1.687520903491889E-009 -1.683588838614274E-003  1.222223355810486E-002
 -1.388948048077415E-009 -1.683588512155236E-003  7.777788943720104E-003
  7.669886260559377E-009 -3.367211533769106E-004  1.000001056523573E-002
 -1.297184728556167E-009 -1.010154194325204E-003  1.222222985388213E-002
  5.314524670276162E-009 -1.683585535795729E-003  1.000001078680511E-002
 -2.992169584450704E-009 -1.010153984930986E-003  7.777790567531420E-003
  3.500374897271244E-009 -1.010153700652435E-003  1.000001023171432E-002
 -1.683588511336038E-003 -1.388341057980734E-009  7.777788943723603E-003
 -1.683588837702360E-003 -1.687205392826335E-009  1.222223355841367E-002
 -3.367197464814990E-004 -1.835246442446689E-009  1.222223342320777E-002
 -3.367194898313161E-004 -1.434438178291421E-009  7.777788620114031E-003
 -1.683585535519494E-003  5.314048891652849E-009  1.000001078684212E-002
 -1.010154194225961E-003 -1.296767426946233E-009  1.222222985386672E-002
 -3.367211533501497E-004  7.670214665614263E-009  1.000001056524201E-002
 -1.010153984840568E-003 -2.991834414136892E-009  7.777790567527505E-003
 -1.010153700494953E-003  3.500523630293670E-009  1.000001023171885E-002
 -3.367193961016271E-004 -2.020308260133567E-003  7.777788144852449E-003
 -3.367197743436582E-004 -2.020308716402193E-003  1.222223462427587E-002
 -1.683588827399965E-003 -2.020308716607313E-003  1.222223464688113E-002
 -1.683588643513596E-003 -2.020308290557409E-003  7.777788529321612E-003
 -3.367208985012757E-004 -2.020306525810238E-003  1.000001090944582E-002
 -1.010154212694437E-003 -2.020308647603401E-003  1.222223089930644E-002
 -1.683586066664860E-003 -2.020306915320934E-003  1.000001111197782E-002
 -1.010154007251408E-003 -2.020308598942672E-003  7.777790183148664E-003
 -1.010153753108967E-003 -2.020307302426150E-003  1.000001053905468E-002
 -2.020308290714122E-003 -1.683588643642522E-003  7.777788529816407E-003
 -2.020308716756585E-003 -1.683588827445172E-003  1.222223464646673E-002
 -2.020308715882633E-003 -3.367197750784679E-004  1.222223462482006E-002
 -2.020308259641280E-003 -3.367193968900757E-004  7.777788144280374E-003
 -2.020306915553778E-003 -1.683586066270893E-003  1.000001111196082E-002
 -2.020308647442079E-003 -1.010154212475485E-003  1.222223089919730E-002
 -2.020306525535850E-003 -3.367208984007125E-004  1.000001090949500E-002
 -2.020308598810847E-003 -1.010154007061701E-003  7.777790183189435E-003
 -2.020307302344252E-003 -1.010153752880100E-003  1.000001053904493E-002
 -3.367178698118442E-004 -1.683591725860115E-003  1.333334834097770E-002
 -3.367178601784701E-004 -3.367178603231425E-004  1.333334790269794E-002
 -1.683591725456717E-003 -3.367178698628091E-004  1.333334834100373E-002
 -1.683591559270916E-003 -1.683591559462488E-003  1.333334873691638E-002
 -3.367187270588011E-004 -1.010154428774631E-003  1.333334610340345E-002
 -1.010154428745885E-003 -3.367187271293649E-004  1.333334610335616E-002
 -1.683590537210484E-003 -1.010154409437881E-003  1.333334657310471E-002
 -1.010154409583705E-003 -1.683590537432682E-003  1.333334657319318E-002
 -1.010154392281076E-003 -1.010154392428470E-003  1.333334529501284E-002
 -3.367184846461582E-004 -1.683590513168941E-003  6.666673671996535E-003
 -3.367184351113678E-004 -3.367184351315213E-004  6.666673599671152E-003
 -1.683590512797863E-003 -3.367184847480605E-004  6.666673672083548E-003
 -1.683590343874477E-003 -1.683590344004756E-003  6.666673740487566E-003
 -3.367190217939746E-004 -1.010154161835483E-003  6.666673607328468E-003
 -1.010154161755139E-003 -3.367190218556013E-004  6.666673607350644E-003
 -1.683589974331648E-003 -1.010154153956739E-003  6.666673677491073E-003
 -1.010154153995779E-003 -1.683589974509890E-003  6.666673677469527E-003
 -1.010154199327081E-003 -1.010154199462043E-003  6.666673626561401E-003
